LONGITUDE,LATITUDE,LAND_USE_CLASS_0,LAND_USE_CLASS_1,LAND_USE_CLASS_2,LAND_USE_CLASS_3,LAND_USE_CLASS_4
34.0,44.5,0.2645896687974514,0.5416330499182854,0.110738740975196,0.0333685016239475,0.0496700386851196
33.5,44.5,0.5413436692506461,0.1712179938924125,0.0936692506459948,0.0628376791167488,0.1309314070941978
34.5,44.5,0.6437493384143116,0.2002752196464486,0.0705514978299989,0.0366253837196993,0.0487985603895416
33.5,45.0,0.4422003653927975,0.0045799234176739,0.0601146232199614,0.4170483269514728,0.0760567610180944
34.0,45.0,0.004813942865174448,0.1291507080361221,0.175146702273446,0.5581538353420711,0.1327348114831863
34.5,45.0,0.033790455293472355,0.2898336076065094,0.3340830133479612,0.3038215395867617,0.0384713841652953
35.0,45.0,0.18508801474889658,0.225363847476556,0.2013437095601921,0.3436031979578451,0.0446012302565102
35.5,45.0,0.44645978394796415,0.0045846585862059,0.1824980658471589,0.3231038138628614,0.0433536777558096
36.0,45.0,0.36473442832764513,0.0053327645051194,0.3119400597269625,0.3135932167235495,0.0043995307167235
36.5,45.0,0.6723124909328306,0.0014870158131437,0.0998476715508486,0.2003481793123458,0.0260046423908312
33.0,45.0,0.7744705208929595,0.0,0.0309101316542644,0.1748139668002289,0.0198053806525472
29.5,45.0,0.36120028704158347,0.0858480945726479,0.5299316387808286,0.0202062167163953,0.0028137628885447
28.5,45.0,0.014591332967635928,0.3173523496068751,0.0877308465898701,0.5458950447979521,0.0344304260376668
29.0,45.0,0.2665004039481542,0.0821595419579191,0.2762478485370052,0.348291123678387,0.0268010818785345
28.5,45.5,0.17331285398867247,0.0196985696457713,0.0830373428050302,0.6736296438513968,0.0503215897091293
34.0,45.5,0.00020286968389227056,0.000313525875106,0.0573199070487993,0.9090590535207111,0.0331046438714912
35.0,45.5,0.33391841064712147,0.0021217089401099,0.0963834506702671,0.5410743562542193,0.0265020734882823
29.0,45.5,0.07564946438777975,0.0266976418312222,0.0634068993491527,0.781053524346848,0.0531924700849973
36.0,45.5,0.45960229308491585,0.0094948047294876,0.2115729129344321,0.2908455750627015,0.0284844141884629
29.5,45.5,0.17628776978417293,0.0352038369304556,0.3278657074340527,0.4311750599520383,0.0294676258992805
34.5,45.5,0.0024383219736970885,0.0038590765095516,0.0331189401939137,0.8927906306998176,0.06779303062302
33.5,45.5,0.0004991552756873352,5.759483950238059e-05,0.1391875287974197,0.838984027031178,0.0212716940562125
35.5,45.5,0.7744663531114329,0.000407018813314,0.0582941389290882,0.1603654124457308,0.0064670767004341
36.5,45.5,0.614730519993678,0.0060692271218587,0.1930772878141299,0.1241978820926189,0.0619250829777145
33.0,45.5,0.29386207290813127,9.527983688091928e-05,0.1424624121043504,0.5455914019475199,0.0179888332031175
32.5,45.5,0.6579239465570403,8.221993833504625e-05,0.1972867420349434,0.1238643371017471,0.0208427543679342
30.0,45.5,0.8864973936438543,0.0057592063225155,0.0345131999327391,0.0662518917101059,0.0069783083907852
28.0,45.5,0.035797277857696264,0.0437276382280255,0.087141750580945,0.7453801040168198,0.0879532293165135
30.0,46.0,0.1333440681301774,0.0049737892043726,0.0168715223731057,0.817401105684075,0.0274095146082693
29.0,46.0,0.004933152212769021,0.0209122756845642,0.0546042753985844,0.8775648816758419,0.0419854150282405
34.0,46.0,0.28244384032050374,0.0017885248247245,0.141382887394477,0.5460545142366576,0.0283302332236371
28.5,46.0,0.010474613481181172,0.0773967887774656,0.0572847866937059,0.7971497144132914,0.0576940966343559
29.5,46.0,0.016271501627150187,0.0116410971641097,0.0596187819618782,0.8727847512784751,0.0396838679683868
34.5,46.0,0.39585852760051354,0.0015070047814843,0.161398351597239,0.4222962287670468,0.0189398872537163
33.5,46.0,0.44676537331200494,0.0013950373870019,0.1032327666381459,0.426193221978349,0.0224136006844983
35.0,46.0,0.8217899190581313,0.0075653053715967,0.1040976821192053,0.0504277041942604,0.0161193892568064
30.5,46.0,0.6261452823012827,0.0039760744044532,0.0294229505929537,0.2693703972616948,0.0710852954396155
33.0,46.0,0.6957707222491518,0.0048069154952334,0.0404346421069639,0.2430319922443044,0.0159557279043464
32.5,46.0,0.4451310607089505,0.0039386119788129,0.0327991307890805,0.4897120738829281,0.0284191226402281
32.0,46.0,0.8768899569440274,0.0004505857614899,0.0446079903875037,0.0759987984379693,0.0020526684690097
29.0,46.5,0.0031909302500189307,0.1005330730535325,0.0947143178917336,0.7464899767249793,0.0550717020797357
33.5,46.5,0.007564059965209369,0.0045931630279694,0.0351425835076129,0.9198248734436996,0.0328753200555088
34.5,46.5,0.009692421933013007,0.0002931175987806,0.0360339234767655,0.9322507523351702,0.0217297846562707
33.0,46.5,0.01782832263633982,0.1439777802799985,0.3061779829598769,0.4920241714521638,0.039991742671621
32.5,46.5,0.07165334323632333,0.0781424075992416,0.2574907648105076,0.4971170572484021,0.0955964271055254
29.5,46.5,0.006992050936505345,0.0685533485674108,0.1000371086502216,0.7591843909298647,0.0652331009159977
34.0,46.5,0.011885984677783012,0.0006759801712483,0.0798219918882379,0.8913549646988133,0.0162610785639176
35.0,46.5,0.10543208949620864,0.0018770177941286,0.0283429686913431,0.8440573616637885,0.0202905623545311
30.0,46.5,0.09307213090144872,0.0400810628236883,0.1148765293102154,0.6822600015011634,0.0697102754634842
32.0,46.5,0.43801637374192604,0.018833558660057,0.2035263632266787,0.3206023734414902,0.0190213309298482
30.5,46.5,0.14167692037264912,0.0188863498759789,0.0674400890607605,0.6101443331184938,0.1618523075721177
35.5,46.5,0.4206969376979939,0.0086354569987093,0.0412061480699284,0.5063240642966091,0.0231373929367593
31.5,46.5,0.6873762433899412,0.0082931488340671,0.0599156707899457,0.2249633098050178,0.0194516271810282
31.0,46.5,0.511278195488722,0.0023710729104919,0.055626618413253,0.3334165288740524,0.0973075843134808
36.0,46.5,0.6660458733581651,0.0007514866366072,0.0246356923479056,0.3005293079788276,0.0080376396784944
36.5,46.5,0.8600956820412171,0.0001226692836113,0.0209764474975466,0.0989327772325809,0.0198724239450441
37.0,46.5,0.954125834398523,0.0,0.0183212611844908,0.0009941769634995,0.0265587274534867
30.0,47.0,0.0014552333830539776,0.0555899152326554,0.0828391603303379,0.8258449448830356,0.0342707461709171
32.5,47.0,0.0027301165987299036,0.0009669162953834,0.0068821689259645,0.964110342212532,0.0253104559673902
34.0,47.0,0.07925407925407935,0.00819493006993,0.0122923951048951,0.8823754370629371,0.0178831585081585
34.5,47.0,0.0008715092266303737,0.0010799136069114,0.0039028456670834,0.9810352013944148,0.01311053010496
32.0,47.0,0.07794289044289071,0.0169179778554778,0.0930215617715617,0.7064393939393939,0.1056781759906759
33.5,47.0,0.11849464404208943,0.0125130344108446,0.0311498720257844,0.7932505450753626,0.044591904445919
36.0,47.0,0.003092370938989508,0.0024011350820387,0.0113690108051078,0.9653836359006076,0.0177538472732564
35.5,47.0,0.0010225723375247853,0.0119868201787607,0.0397477654900772,0.8814573549462202,0.065785487047417
33.0,47.0,0.0163462938692297,0.0135612348915101,0.0577217125382263,0.8800058249599534,0.0323649337410805
30.5,47.0,0.013691107407968639,0.0154332676867141,0.0722049689440993,0.8655317376155128,0.0331389183457052
35.0,47.0,0.000928302298913386,0.0013833524454394,0.0074628224030288,0.9697300642530808,0.0204954585995376
31.0,47.0,0.04920002184240713,0.0156173210287773,0.0815267842516245,0.8193814958408416,0.0342743770363494
36.5,47.0,0.03103696409634915,0.0077261021057415,0.0236706559612179,0.9116989850022724,0.025867292834419
31.5,47.0,0.01407676859535456,0.0028797696184305,0.1002425069152362,0.863438293357584,0.0193626615133947
37.0,47.0,0.17858704953884208,0.020328991157174,0.056936388704003,0.7067985166872682,0.0373490539127127
29.5,47.0,0.012346614149371438,0.0877329192546583,0.0652173913043478,0.7377101954249357,0.0969928798666868
37.5,47.0,0.5122174151483763,0.0158633436922389,0.0416387382446732,0.3333739564925964,0.0969065464221152
38.0,47.0,0.6936735139860142,0.0014386655011655,0.0246030011655011,0.2630572552447552,0.0172275641025641
38.5,47.0,0.6389231206749456,0.0011754668688975,0.0102948146743767,0.332429614181439,0.0171769836003412
35.0,47.5,0.3585904936713702,0.0154869794654124,0.0397881534166953,0.5414133302741769,0.0447210431723452
38.0,47.5,0.01191523543587203,0.0100218031595455,0.1343380637264277,0.8132387254714455,0.0304861722067092
36.0,47.5,0.003667061385079773,0.0048512166240116,0.029661178807441,0.933572710951526,0.0282478322319416
34.0,47.5,0.24706422369276682,0.014745821061087,0.0798684160195846,0.620491144857132,0.0378303943694296
31.5,47.5,0.009557564414002018,0.0524869579068933,0.0858786985783122,0.8112181912309346,0.0408585878698578
32.5,47.5,0.0049982078139313435,0.0108526823051495,0.0333744872356525,0.9215619897248,0.0292126329204667
30.0,47.5,0.001585240077925154,0.0806944497497994,0.0934145689292944,0.7904236219870889,0.0338821192558921
32.0,47.5,0.007172091955781834,0.009830547374058,0.0714722870366828,0.8891672723099874,0.02235780132349
33.5,47.5,0.011430164482855054,0.0147357521207535,0.0246126886773666,0.9098530407423632,0.0393683539766617
36.5,47.5,0.003064127817903217,0.0145844525358642,0.0141069261226844,0.940229610617004,0.0280148829065441
34.5,47.5,0.2125363386563659,0.0229779777786627,0.0658675480864959,0.6045955955557325,0.094022539922743
37.0,47.5,0.0031738748040228693,0.0175327903330656,0.0157928951091736,0.9385109556039922,0.0249894841497457
30.5,47.5,0.0009749497602421497,0.0448476889711295,0.0725641178694363,0.8573787779303209,0.0242344654688712
35.5,47.5,0.041107065401221776,0.0123758928749079,0.0393760321534451,0.8615969279134086,0.0455440816570166
37.5,47.5,0.010174823782406306,0.0397236270956951,0.0727768706941181,0.8222691250846242,0.0550555533431563
31.0,47.5,0.0070360598065084545,0.0299414936331306,0.0637642919964819,0.875932086727085,0.023326067836794
29.5,47.5,0.00342227262778827,0.0980719871067868,0.0939732187269941,0.772538251855389,0.0319942696830418
33.0,47.5,0.005898349228235733,0.0163545137691983,0.0385690757976176,0.9075606112834654,0.031617449921483
38.5,47.5,0.011828428053686002,0.0112907722330638,0.0174837707594886,0.936536699988052,0.0228603289657095
29.0,47.5,0.025926350808764598,0.1352338342702,0.0792703911896294,0.6819242093992581,0.0776452143321479
39.0,47.5,0.04086713393848873,0.0235359454594201,0.0461526676624918,0.8294649354628673,0.0599793174767321
32.5,48.0,0.009133303662996584,0.0103330172797461,0.0421254281236092,0.9207415004160298,0.0176667505176183
36.0,48.0,0.007131742738589408,0.0095398636633076,0.0191723473621813,0.9319242738589212,0.0322317723770005
33.0,48.0,0.018511648612553944,0.0257271108473067,0.0434226146312509,0.8785984567443241,0.0337401691645644
37.5,48.0,0.01732128374464159,0.041574943034797,0.0698837523655041,0.7583130575831306,0.1129069632719267
35.5,48.0,0.009880927108864013,0.0116371075129783,0.0264584981762741,0.908910203215161,0.0431132639867225
36.5,48.0,0.005885985564861751,0.0303755451773515,0.0204948087537149,0.9205874406576864,0.0226562198463854
37.0,48.0,0.008730144019573394,0.0106392837945543,0.0354581008693073,0.910585531315453,0.0345869400011121
31.5,48.0,0.006951685783802897,0.0224578071293399,0.0227667709419534,0.9197466496736568,0.028077086471247
38.5,48.0,0.010178215522746115,0.1135857891987074,0.2829195611370189,0.4984229571005631,0.0948934770409644
32.0,48.0,0.009176863181312611,0.0110863922877271,0.0307934742306266,0.9265480163144234,0.0223952539859102
34.0,48.0,0.009454774661204035,0.0073228156689716,0.0187983166793348,0.943734821378914,0.0206892716115756
30.5,48.0,0.008568451117372478,0.0430931336601181,0.040256281600988,0.8586205565633563,0.0494615770581651
33.5,48.0,0.03289537336248782,0.0348110451053619,0.1489773408928191,0.6445171152692583,0.1387991253700729
31.0,48.0,0.015569683601786899,0.0263943207725528,0.0453189004837723,0.8489555337250468,0.0637615614168412
34.5,48.0,0.007183408643263056,0.0074730622175877,0.0181709342293283,0.943517553006604,0.023655041903217
29.5,48.0,0.005635216241773988,0.2187313043981704,0.0580890441360943,0.6671555667059074,0.0503888685180539
30.0,48.0,0.010688352104327281,0.1508409899229401,0.0527934202726733,0.743646265560166,0.0420309721398933
35.0,48.0,0.07525486561631156,0.0460426320667284,0.0425023169601482,0.7052455977757183,0.1309545875810936
38.0,48.0,0.017426770485725163,0.0640711902113459,0.1499258435298479,0.5423433444568039,0.2262328513162773
39.0,48.0,0.006714646089924559,0.1331614482860958,0.2971138151060988,0.4692276302121976,0.0937824603056833
25.0,48.0,0.0017793924116329407,0.7555745027895683,0.2070026505532798,0.0063020147911994,0.0293414394543196
29.0,48.0,0.006691380908248612,0.2297683039851714,0.0495273401297497,0.6383873957367934,0.075625579240037
39.5,48.0,0.008339944658372067,0.0598115288608525,0.2953424021362642,0.5803324367731574,0.0561736875713539
40.0,48.0,0.008157060492019252,0.0575814315641163,0.1776570697614059,0.671307539719323,0.0852968984631356
25.5,48.0,0.0014482678716256636,0.6911520488162823,0.0769126791024601,0.1588267099216004,0.0716602942880315
24.0,48.0,0.0031627585184454965,0.7925675174816535,0.1212967309925625,0.0147513034024363,0.0682216896049022
24.5,48.0,0.0005982477131500907,0.8513643907522482,0.1360338106449496,0.0013315836195916,0.0106719672700605
26.0,48.0,0.008342602892102313,0.2610863922877271,0.0377456433073785,0.546366332962551,0.146459028550241
23.0,48.0,0.011827717027449336,0.3297998958565796,0.057688016067842,0.4930075132038979,0.1076768578442312
23.5,48.0,0.011424366818991505,0.547130353961738,0.1595538687940516,0.1247773216636976,0.1571140887615212
28.5,48.0,0.015853705634727766,0.1184876221372571,0.0579307148650214,0.7127215849843587,0.0950063723786351
26.5,48.0,0.01315814934499504,0.1208034211188297,0.0784070899204706,0.6767545811644963,0.1108767584512084
22.5,48.0,0.013521890740023301,0.2162340178225494,0.0294459511817125,0.6667958155753584,0.0740023246803564
28.0,48.0,0.008805917576611533,0.0413414656754602,0.03463042954339,0.8228063995847315,0.0924157876198068
38.5,48.5,0.005679743600146114,0.1122763600957442,0.3612316929692888,0.4039920483589598,0.1168201549758611
29.5,48.5,0.01888055161224922,0.1561143784222267,0.014317582640438,0.7341310079091462,0.0765564794159399
37.0,48.5,0.010134279199392027,0.0208727173510553,0.0407320067821714,0.8725029720722652,0.055758024595116
36.5,48.5,0.00571892111133665,0.0118434394646116,0.0744676536199553,0.8765970391401339,0.0313729466639626
31.0,48.5,0.013798210909941488,0.0496189900800997,0.0237765781216503,0.8808052854163825,0.0320009354719261
39.5,48.5,0.0049697756501279056,0.1540021907582457,0.2733173759584567,0.4530609761045073,0.1146496815286624
23.0,48.5,0.005086628598156451,0.6967122059597357,0.0785016857983668,0.1375728401317456,0.0821266395119954
30.0,48.5,0.01502647150420433,0.0952390221114917,0.0141895048271566,0.8014247897851137,0.0741202117720336
33.5,48.5,0.010953791228853205,0.0424560834110917,0.0454785183983123,0.8626313440707534,0.0384802628909894
37.5,48.5,0.013774775323068256,0.0372872415961698,0.1058365285131763,0.7550767857505123,0.0880246688170734
38.0,48.5,0.013884826147155915,0.0823924023479397,0.1643947814894986,0.6155931277911035,0.1237348622243023
32.0,48.5,0.013241287856627704,0.0473293160943076,0.0312408588311004,0.8548723649057118,0.0533161723122525
26.0,48.5,0.018974628990425124,0.2214356754226876,0.034556056085337,0.5728465843717702,0.1521870551297802
35.0,48.5,0.06912747753892934,0.0731422112217653,0.0868624661378651,0.548732240650153,0.2221356044512872
29.0,48.5,0.0165851376897741,0.214729785036347,0.0139346338991639,0.6696030091013623,0.0851474342733527
36.0,48.5,0.008681096231703767,0.0412060105886016,0.1561234817813765,0.7358494238554967,0.0581399875428215
33.0,48.5,0.01202072942643384,0.0466996571072319,0.0572591957605985,0.8409250311720698,0.0430953865336658
34.5,48.5,0.09534822388574449,0.0841904530054977,0.0926703588744852,0.616578418842432,0.1112125453918406
34.0,48.5,0.016361473507673696,0.0864096413736617,0.0597515552175354,0.8079135708574661,0.0295637590436631
39.0,48.5,0.009312655860349128,0.0859375,0.348328397755611,0.4620480049875312,0.0943734413965087
32.5,48.5,0.012008600754594756,0.057385695160047,0.0456610815854598,0.8274169337498478,0.0575276887500507
30.5,48.5,0.009389576150882317,0.1160616507807747,0.0140742242952747,0.809774893530724,0.0506996552423443
31.5,48.5,0.01176637656462376,0.0233298845677885,0.022376402328931,0.9018319031099752,0.0406954334286815
40.0,48.5,0.008639014021334379,0.1342849899569024,0.237660640808128,0.5722420484018799,0.0471733068117553
35.5,48.5,0.010991685256540484,0.0977894950314337,0.0976475359967552,0.7363009531535185,0.0572703305617521
25.5,48.5,0.012740145659627222,0.1626397257217049,0.0287261883025987,0.6733816160509606,0.1225123242651086
28.5,48.5,0.003164749558761004,0.1456393402714381,0.0128821536526484,0.7657679589394032,0.0725457975777493
26.5,48.5,0.024808308653495148,0.1246095176274899,0.0413201346910625,0.6860318877033551,0.1232301513245973
22.5,48.5,0.003631347250116823,0.4118231797618323,0.0465177611425557,0.4404479337837015,0.0975797780617937
25.0,48.5,0.00420962366743971,0.4333378807663074,0.0815809475551051,0.3463779696361404,0.1344935783750073
24.0,48.5,0.0006812519464342026,0.8956322018062909,0.095784023668639,0.0009537527250077,0.0069487698536281
23.5,48.5,0.0025755424863111998,0.8134049888460758,0.1418981950922733,0.0053741634556885,0.0367471101196511
28.0,48.5,0.007293433959320916,0.123598354102069,0.0277306499736734,0.7567425261803077,0.0846350357846291
24.5,48.5,0.002068545933887833,0.7153518556073819,0.1231393226526059,0.0676130602311904,0.091827215574934
27.0,48.5,0.043718827930174786,0.1759663341645885,0.0315032730673316,0.6531912406483791,0.0956203241895261
27.5,48.5,0.024930017444926955,0.2132946569840561,0.0326382409022678,0.6391334334050063,0.0900036512637429
22.0,48.5,0.011466682267594952,0.1401938415335712,0.0333664853058757,0.7445152986602703,0.0704576922326878
23.5,49.0,0.0031283817019184257,0.8275258239055583,0.0931431382193802,0.0391539596655189,0.0370486965076242
24.5,49.0,0.016527299557304698,0.388293162813576,0.0580816527299557,0.3975405804230201,0.1395573044761436
33.5,49.0,0.04757495764548292,0.1189669437768409,0.1700090618966943,0.5521059059926717,0.1113431306883101
34.5,49.0,0.008171060662742091,0.0710390045088503,0.1023056173580893,0.7820787965898127,0.0364055208805056
35.5,49.0,0.00885391047712758,0.0535759960649286,0.0723462862764387,0.8339596655189375,0.0312641416625676
38.5,49.0,0.006422126787754889,0.1792088570190299,0.2503053465190497,0.475946574209054,0.0881170954651116
26.5,49.0,0.0041369528387377175,0.1215082148063512,0.0157795201134707,0.7767227453607028,0.0818525668807375
31.0,49.0,0.010665859793112631,0.1463340834735906,0.0257001834376595,0.7467614743092721,0.0705383989863651
31.5,49.0,0.012837425426765692,0.1313473389907263,0.0202012246746342,0.7689263423182185,0.0666876685896552
27.0,49.0,0.0035213934115865264,0.1777167739492616,0.0225672093903824,0.7166603559257857,0.0795342673229837
35.0,49.0,0.00985268253938254,0.0283477372870137,0.0630496038124775,0.8672251744548876,0.0315248019062387
22.5,49.0,0.001791726554962847,0.900352438520152,0.068558152355825,0.010297505365335,0.0190001772037252
30.5,49.0,0.0122970978848993,0.0912543039842597,0.0142252828332513,0.8139891785538613,0.0682341367437284
38.0,49.0,0.01138641951957653,0.2218649517684887,0.1306411953849063,0.5901267259315301,0.0459807073954983
33.0,49.0,0.3124952669443395,0.1372964786065884,0.0443771298750473,0.4754259750094661,0.0304051495645588
37.0,49.0,0.005843529567503225,0.1376160668696458,0.0838707237277558,0.7493901170597024,0.0232795627753928
30.0,49.0,0.020820737605804274,0.0647294437726723,0.0203483978234582,0.8133879987908101,0.0807134220072551
29.0,49.0,0.017322566614345947,0.1379375555513531,0.009550104956599,0.7660886174095577,0.0691011554681442
32.0,49.0,0.010762247020995042,0.2144127104217893,0.0362965765084168,0.677264989597125,0.0612634764516739
34.0,49.0,0.12347266881028951,0.1048042368072631,0.0900132400226971,0.6457348212596936,0.0359750331000567
37.5,49.0,0.026679005296422753,0.2732284549804091,0.1174073126070605,0.4930201421567662,0.0896650849593415
39.0,49.0,0.004259750094661174,0.1340969329799318,0.1364255963650132,0.6922756531616812,0.0329420673987126
39.5,49.0,0.0025412710295102947,0.089042984909972,0.0996611638627319,0.7766439462590127,0.0321106339387731
32.5,49.0,0.06284228359796717,0.2864347346440251,0.0524802017257003,0.5663685433986052,0.0318742366337023
36.0,49.0,0.010145858524788443,0.0208774183796856,0.0396576481257557,0.903529322853688,0.0257897521160822
26.0,49.0,0.0061282390769813455,0.1943257045583506,0.0161906563268394,0.7016077170418007,0.081747682996028
29.5,49.0,0.01603541564190858,0.1544712247909493,0.0150516478111165,0.7450270536153468,0.0694146581406788
36.5,49.0,0.015327102803738502,0.0208755533694048,0.0500541072306935,0.878406296114117,0.0353369404820462
24.0,49.0,0.007821946795646961,0.5703408403869408,0.1231295344619105,0.2033139359129383,0.0953937424425634
27.5,49.0,0.011051574012056364,0.1976281470391237,0.026870493676372,0.6814546314172019,0.082995153855246
28.5,49.0,0.015968024572249995,0.1719860599736163,0.0170509362263482,0.6649077556163736,0.1300872236114119
25.5,49.0,0.007836342515111783,0.1463899663312922,0.0143928803481068,0.7650869282718699,0.0662938825336194
25.0,49.0,0.01234894759734495,0.2712986251631082,0.0335482894911023,0.6080863858998846,0.0747177518485599
28.0,49.0,0.015888027236618196,0.1960469075089843,0.0209759788159636,0.6787403064119538,0.08834878002648
23.0,49.0,0.0024962650579627432,0.7087312543731916,0.2341194046786058,0.0179844550766845,0.0366686208135554
40.0,49.0,0.0014564024966902123,0.0425761301305087,0.0892944959334216,0.8485152260261017,0.0181577454132778
27.5,49.5,0.023066738383880292,0.1785965492986884,0.0404236832305846,0.7012495345277008,0.056663494559146
37.5,49.5,0.019224799784781754,0.1311176872296836,0.1071539432568342,0.6941828942739482,0.0483206754547523
38.0,49.5,0.005987190197716541,0.0617416557266181,0.0658193101802124,0.8381071726936389,0.028344671201814
24.0,49.5,0.012175985698679392,0.3109146886483265,0.0505710596881517,0.5236666997715761,0.1026715661932664
37.0,49.5,0.00634245268013367,0.1189955463655161,0.0737036742484491,0.761134086209639,0.0398242404962621
30.0,49.5,0.016943092660641756,0.1172112424272519,0.0136657066242923,0.7868705929089284,0.0653093653788857
35.5,49.5,0.006060731424789023,0.0892768492470627,0.0471206354459705,0.8235148105245739,0.0340269733576038
26.5,49.5,0.012598783565724858,0.0551946708593653,0.018287889445157,0.861020315279904,0.0528983408498489
38.5,49.5,0.00393065497124423,0.0567669328478629,0.0697174065952253,0.8498696677562166,0.0197153378294509
30.5,49.5,0.017396160847261366,0.1586132715538639,0.0255460863809366,0.7327693198742347,0.0656751613437034
32.5,49.5,0.33000951632256215,0.0483677438040465,0.0622698498076047,0.5175845090818817,0.041768380983905
25.0,49.5,0.005467631620804991,0.2552290440591697,0.0305392078892953,0.6517814537935422,0.0569826626371878
29.0,49.5,0.02155240973437267,0.0790122474948306,0.0226260537617305,0.8164466359153809,0.0603626530936853
29.5,49.5,0.02058166473605838,0.0975715704120469,0.0263734899884163,0.7962104914777428,0.0592627833857355
32.0,49.5,0.1475713092254446,0.2686875919958627,0.1115884950471416,0.3610017106257708,0.1111508931057803
39.0,49.5,0.0044824288787952415,0.0739501155470555,0.0683520599250936,0.8081918877998246,0.045023507849231
33.0,49.5,0.14556936807713772,0.019264483225755,0.0719180811220017,0.7305362977129651,0.0327117698621404
27.0,49.5,0.019065264164475515,0.1232767551199298,0.0409793609052514,0.6952346800541875,0.1214439397561558
25.5,49.5,0.007429174513171821,0.0973242555304927,0.0238395794963061,0.7671088301636901,0.1042981602963392
36.5,49.5,0.017809862651001374,0.1947708092007281,0.1089276849247062,0.6268616581168294,0.051629985106735
28.0,49.5,0.014878466006285618,0.1778454071687154,0.0285634721724947,0.7155189561204599,0.0631936985320444
23.5,49.5,0.005026476915439448,0.2628868111864967,0.0960615588283965,0.5268285619725303,0.1091965910971371
23.0,49.5,0.0018689358994752325,0.472343725147129,0.0869055193255925,0.361698743438842,0.0771830761889613
33.5,49.5,0.010426579502668898,0.043733708469527,0.0758616409450122,0.834353924448674,0.035624146634118
36.0,49.5,0.006018472539477737,0.1151454960770682,0.0500943489919555,0.7758466580593902,0.0528950243321084
26.0,49.5,0.0071209770457891786,0.0702152205911604,0.0178621156064765,0.8353423240641286,0.0694593626924454
40.0,49.5,0.003262123562875585,0.0805983211998249,0.09651111906751,0.7919401678800175,0.027688268289772
35.0,49.5,0.007058215365039144,0.0372594242086845,0.0364044854461587,0.8754374105296644,0.0438404644504533
31.5,49.5,0.02214266498354822,0.4279742565651967,0.0879498375514765,0.4019204105705358,0.0600128303292428
28.5,49.5,0.01874883595803245,0.1564679345239327,0.0344970303996026,0.6924445916023426,0.0978416075160896
39.5,49.5,0.002234267036286375,0.0625387893582688,0.0726136786792999,0.8400016550126195,0.0226116099135255
24.5,49.5,0.007012245573390863,0.3046913784544101,0.0298485851398312,0.5900835677643554,0.0683642230680125
34.0,49.5,0.0057087162350322185,0.0757846998448502,0.0737956001113895,0.8085292596570792,0.0361817241516489
31.0,49.5,0.011173850803244845,0.2285072371560362,0.0383330682360426,0.6505487513917608,0.0714370924129155
34.5,49.5,0.00635308238313026,0.1926204912774455,0.0873910974070318,0.5975829315232912,0.1160523974091012
22.5,49.5,0.014837654946919687,0.7383026716056537,0.1469072698301016,0.0518800571156592,0.0480723465016658
28.0,50.0,0.007762715791913122,0.2125091723631869,0.0643417139767504,0.6689259645464025,0.0464604333217471
28.5,50.0,0.018299419480545698,0.2522146114135347,0.0997127533495369,0.5381756824618846,0.0915975332944981
32.5,50.0,0.002874083006733086,0.0571198874484976,0.0534016681740528,0.8386292834890966,0.0479750778816199
33.5,50.0,0.0077580142699226196,0.0996884735202492,0.0602954476936991,0.7658727766053663,0.0663852879107627
35.5,50.0,0.012350637614218507,0.1814037553971282,0.0313886936439401,0.7246109047093081,0.0502460086354051
37.0,50.0,0.03997761870767347,0.1685542842810009,0.0944259005576028,0.6586467035829362,0.0383954928707866
38.5,50.0,0.004642749472414942,0.0624057883629785,0.0730579841221987,0.834207617324892,0.0256858607175158
33.0,50.0,0.004433136733356435,0.1701939015458155,0.1329362784780849,0.6412628657337806,0.0511738175089626
30.5,50.0,0.021267195501556535,0.1040666733607792,0.0586605080831408,0.695551762225123,0.1204538608294005
26.5,50.0,0.005949150839111739,0.1614310119585971,0.0607778112752487,0.7290322580645161,0.0428097678625263
34.0,50.0,0.006063414822539026,0.207295408025335,0.0715830533348781,0.6727300814892055,0.0423280423280423
24.5,50.0,0.006225524651069514,0.2766342002209057,0.0611708002811527,0.5862034340797269,0.0697660407671453
23.0,50.0,0.009724285631596219,0.3407358814563275,0.0258735456983542,0.5375176059734897,0.0861486812402323
23.5,50.0,0.014800682799478104,0.4888442614720353,0.0855507581082438,0.3243096696455467,0.0864946279746962
37.5,50.0,0.00781391237972806,0.126348351847016,0.0901914308097141,0.7453950143623326,0.0302512906012092
38.0,50.0,0.005426176959023921,0.1165372880701347,0.1071718225002896,0.7240953153361912,0.0467693971343606
24.0,50.0,0.006187951807229086,0.3012433734939759,0.0830265060240963,0.4285493975903614,0.1809927710843373
35.0,50.0,0.0053637924713964,0.1559937486735225,0.0368519554689459,0.7631441856875495,0.0386463176985857
25.0,50.0,0.00385884350460175,0.4219838314457157,0.1163441316637403,0.3950876922186421,0.0627255011673001
39.0,50.0,0.0032573917736403724,0.0745345206429975,0.0939439497320843,0.8016074939285301,0.0266566439227477
27.0,50.0,0.011159939863536694,0.1886974287806946,0.0453336417254539,0.6877722524189507,0.0670367372113642
27.5,50.0,0.012822831876193375,0.2154758315747161,0.0498844337252537,0.6612199778916692,0.0605969249321676
36.5,50.0,0.01216989657596157,0.2272517321016166,0.1025203333668039,0.4924992469123406,0.1655587910432774
29.0,50.0,0.011325705686006105,0.1960099558162418,0.0518049740492774,0.6935306488645353,0.0473287155839394
31.0,50.0,0.08230913195315381,0.1885430936348376,0.1121379922437245,0.542919986879932,0.074089795288352
30.0,50.0,0.02155180722891581,0.1665156626506024,0.0452433734939759,0.6420433734939759,0.1246457831325301
34.5,50.0,0.004660225378141147,0.2269650282224856,0.0567462788502099,0.6623747062250166,0.0492537613241468
32.0,50.0,0.0044606650446069596,0.0379639284748773,0.0319198238906268,0.866836596763604,0.058818985826285
36.0,50.0,0.01326265060240972,0.2656,0.0766843373493975,0.4665831325301204,0.1778698795180723
29.5,50.0,0.01650768149412618,0.1430665729490912,0.0429561200923787,0.743448137363189,0.0540214881012149
26.0,50.0,0.007820646506777829,0.250395859884911,0.0741899355038041,0.6122504151701232,0.0553431429343838
31.5,50.0,0.15760400136592834,0.2286322640258722,0.0551794789385935,0.4949279874656007,0.0636562682040053
25.5,50.0,0.010786814776128417,0.2077014241809453,0.0836229234879376,0.6230440110077737,0.0748448265472149
30.0,50.5,0.010825714111946882,0.2949500273683784,0.1380177184908873,0.3978551300504794,0.158351409978308
32.0,50.5,0.007954222637068464,0.0480297065865833,0.0594943387037863,0.8425794407694492,0.0419422913031127
32.5,50.5,0.005726723299945169,0.2159460715946071,0.0662271248045306,0.6551920882464816,0.0569079920544355
28.5,50.5,0.010629754860524088,0.313123415046492,0.1141589180050718,0.4770921386306002,0.0849957734573119
36.5,50.5,0.019805325056481027,0.1415932940605139,0.1005468634530521,0.5420704799307448,0.1959840374992082
37.5,50.5,0.0030219780219780112,0.0735207100591716,0.0665891800507185,0.8318047337278106,0.0250633981403212
29.5,50.5,0.00633432571102821,0.4460209877325225,0.1277211207533624,0.3685732987056861,0.0513502670974008
36.0,50.5,0.012366452449976806,0.1648387292963286,0.0608591643521803,0.7039957832424433,0.057939870659071
37.0,50.5,0.007955352612886935,0.2713952308472856,0.0802638254693049,0.5680568239472349,0.0723287671232876
28.0,50.5,0.001947972890710803,0.5013189399780853,0.1096546406395844,0.3516293981575423,0.0354490483340773
33.5,50.5,0.005980305143485243,0.1560796246988715,0.0608385106293056,0.7265331135624022,0.0505684459659355
25.5,50.5,0.008072696534235035,0.1445688926458157,0.0666314454775993,0.7052409129332207,0.0754860524091293
31.0,50.5,0.001542364282090647,0.1752409944190766,0.1099543378995433,0.5637341451040081,0.1495281582952815
34.5,50.5,0.006910397295012749,0.2742814877430262,0.0610312764158918,0.6216610312764159,0.0361158072696534
30.5,50.5,0.12161905365173897,0.318743269778932,0.1553810096915183,0.0538628829627752,0.3503937839150355
25.0,50.5,0.01237950279046196,0.1369457128361238,0.0823744292237442,0.7231253170979198,0.0451750380517503
35.0,50.5,0.0064738711314055175,0.3236935565702689,0.0765296803652968,0.5443328259766615,0.0489700659563673
27.5,50.5,0.0042897595198851945,0.3265288871983433,0.0663961793668906,0.5380161447107054,0.0647690292041756
35.5,50.5,0.0119929900128799,0.1606596144507084,0.0535250522581871,0.737695572306328,0.0361267709718967
26.0,50.5,0.007386063877277915,0.2389310498762225,0.0530416785033074,0.6134491294996145,0.0871920782435777
33.0,50.5,0.00640608476368687,0.1783942080859025,0.0283494671764418,0.7547384690474254,0.0321117709265435
24.0,50.5,0.003628844243517948,0.2111014251829626,0.0552233056946499,0.6676465221886594,0.0623999026902102
26.5,50.5,0.019293351929335345,0.201386247411352,0.1227970077342462,0.5641562064156206,0.0923671865094459
27.0,50.5,0.005450256243390683,0.2052387537623037,0.0392499796632229,0.7012934190189539,0.0487675913121288
34.0,50.5,0.0056612962136278755,0.1554928777241183,0.050505255468528,0.7449575910068584,0.0433829795868674
29.0,50.5,0.006007102993404456,0.325763571790969,0.0911212582445459,0.5214205986808726,0.055687468290208
31.5,50.5,0.007565511411665282,0.1095942519019442,0.0862637362637362,0.7169907016060862,0.079585798816568
24.5,50.5,0.00521526150207996,0.1938937100145689,0.07449167036169,0.6682924769324972,0.058106881189164
23.5,50.5,0.004708515445197681,0.2859525770148434,0.0295601866514642,0.6146196237410527,0.0651590971474419
24.0,51.0,0.004804284476648046,0.3486453492951091,0.0828148381507442,0.5160077183586674,0.0477278097188312
25.5,51.0,0.0033019545109621573,0.4592382944687134,0.1420865891425173,0.3234274698004471,0.07194569207736
29.5,51.0,0.002686242746119505,0.4773514876863453,0.2462525888408145,0.2479545594356839,0.0257551212910369
30.0,51.0,0.005099629833819064,0.6123296841773648,0.2331850043317319,0.1201661809876348,0.0292195006694494
31.0,51.0,0.01172506207385815,0.2915303669254719,0.2135537776376463,0.4262996098214637,0.0568911835415599
27.5,51.0,0.0028937322989780467,0.6773180642777983,0.1198128309321512,0.1662562081845421,0.0337191643065303
28.0,51.0,0.002661986828094931,0.5324170840399101,0.1435698229285798,0.2866861221753362,0.034664984028079
33.5,51.0,0.010774535155769094,0.1467183844354143,0.0436727824980503,0.7619751262159833,0.036859171694783
26.5,51.0,0.005110208102450553,0.500820916964249,0.2033000861962812,0.2395230472437713,0.0512457414932479
27.0,51.0,0.005669291338582627,0.6984448818897637,0.1427755905511811,0.1116338582677165,0.0414763779527559
34.0,51.0,0.011574713096975331,0.1280711440627834,0.0580904681153133,0.7653113538667824,0.0369523208581456
28.5,51.0,0.005742529584282008,0.5480424126827868,0.1673332102791279,0.2290038762074694,0.049877971246334
31.5,51.0,0.000594761992657955,0.2273631534691031,0.1064008695830513,0.6194548698701778,0.0461863450850099
32.0,51.0,0.0005521157865679971,0.1588713175848878,0.0899554363686555,0.6913869937295422,0.0592341365303466
32.5,51.0,0.004863933013175781,0.1668103271354102,0.050978943479867,0.7337561055699217,0.0435906908016254
25.0,51.0,0.004098845229180803,0.2489063177393292,0.0747448074725101,0.6271627320379931,0.0450872975209868
35.0,51.0,0.01298624522129832,0.2892247664840578,0.0829424979308714,0.5328301738068025,0.08201631655697
33.0,51.0,0.005885826771653613,0.1135826771653543,0.0364566929133858,0.7900590551181103,0.054015748031496
26.0,51.0,0.004121149978309813,0.6003864810505974,0.1471585755412706,0.2042434041881926,0.0440903892416295
30.5,51.0,0.26733241741341507,0.4317263723419525,0.2318576086287858,0.0420161174564767,0.02706748415937
35.5,51.0,0.01127811839973758,0.2086451903951442,0.0892406750466504,0.6428527487850391,0.0479832673734287
24.5,51.0,0.0035064695388277167,0.3286033588287161,0.0697807943896487,0.538458383743105,0.0596509934997026
29.0,51.0,0.005044732589761014,0.4728451503566783,0.1869506956213297,0.3090095771095258,0.0261498443227052
34.5,51.0,0.00939313767714689,0.1138661580426177,0.0377981500851124,0.7861933181566481,0.0527492360384749
23.5,51.0,0.003608997887916132,0.2176471794451165,0.0172247626468718,0.6971312567925031,0.0643878032275924
24.5,51.5,0.011345987920621248,0.4821829163071613,0.1677955133735979,0.2673425366695427,0.0713330457290768
28.0,51.5,0.0013062409288825405,0.8005598175409496,0.1420277835372175,0.0443914575990047,0.0117147003939456
24.0,51.5,0.03445204060493068,0.5872384503832608,0.1288170706442925,0.1952765692977004,0.0542158690698156
30.0,51.5,0.019515226848974665,0.5526621089703749,0.4174228299150611,0.0048891651129065,0.0055106691526828
32.0,51.5,0.008148455318266912,0.209454696247149,0.1908355795148248,0.5545511092680904,0.037010159651669
27.5,51.5,0.001057630045327107,0.6127347291172027,0.34038420030218,0.0233757824303906,0.0224476581048996
29.5,51.5,0.0015530629853321987,0.7159404659188956,0.2216781708369284,0.0577653149266609,0.0030629853321829
23.5,51.5,0.014042277825711769,0.5061044003451252,0.0713546160483175,0.3735332182916307,0.0349654874892148
31.5,51.5,0.009994603345925612,0.1436373448461953,0.1530706961683756,0.6260334592552618,0.0672638963842417
33.0,51.5,0.01040930812383134,0.329337211718263,0.1615416580095574,0.4592354041138583,0.0394764180344899
31.0,51.5,0.00723555997843861,0.3094912302525189,0.126902185180578,0.5038562010200274,0.0525148235684372
34.0,51.5,0.00733982998133953,0.2888243831640058,0.1021978021978022,0.5667012233049968,0.0349367613518556
29.0,51.5,0.0013683293942032826,0.6405854791226107,0.1811377866235435,0.154496827963677,0.0224115768959655
34.5,51.5,0.006929303831624489,0.2104263356718834,0.14184565569347,0.6091527253103076,0.0316459794927145
27.0,51.5,0.003968418865572532,0.5934344483690006,0.3432162892167048,0.0193434448369,0.0400373987118221
28.5,51.5,0.002180248246087646,0.6537722611980572,0.1438963842417701,0.1766648677819751,0.02348623853211
33.5,51.5,0.006647960284912657,0.4362400172674293,0.143427584718325,0.3843298078998489,0.0293546298294841
26.0,51.5,0.009288824383163918,0.5411154882852997,0.2579100145137881,0.1278457391664939,0.0638399336512544
32.5,51.5,0.00798618605655077,0.2830995035614073,0.2007338657457371,0.4769695661558386,0.0312108784804662
25.0,51.5,0.0032342331135716273,0.5835717543641414,0.2005846498320686,0.142389186051333,0.0702201766388854
30.5,51.5,0.023166522864538464,0.4870793787748059,0.3498490077653149,0.1249352890422778,0.0149698015530629
25.5,51.5,0.005051268213707605,0.6891311386940097,0.2028494333513222,0.0633783054506206,0.0395898542903399
26.5,51.5,0.009410748974746475,0.4502050507230736,0.2420461903734081,0.2368012087200518,0.06153680120872
25.0,52.0,0.010452961672474004,0.4094580169583694,0.198445147126946,0.3381804998892268,0.0434633743529838
26.5,52.0,0.007026301438818772,0.3592432568480221,0.2330634674273249,0.3697931960233231,0.030873778262511
34.0,52.0,0.0036270578515728014,0.4124972293308078,0.1399238317851169,0.4181191690007456,0.0258327120317569
31.0,52.0,0.01599162151819722,0.6098769410485186,0.1957463092384846,0.1478922881714366,0.030492840023363
25.5,52.0,0.009851390722924624,0.4491814961537655,0.135781508730009,0.3588002263723825,0.0463853780209184
24.5,52.0,0.011965883610302153,0.4121628701355854,0.1107106184119533,0.4048073094574488,0.0603533183847104
31.5,52.0,0.00224276341990004,0.4413632647928064,0.0997505711710578,0.4308201806786979,0.0258232199375379
33.5,52.0,0.008221821385125283,0.4085532111246277,0.1910734510675783,0.3463442258483997,0.045807290574269
32.5,52.0,0.0023910398926130227,0.5914258148412266,0.1336045975082847,0.2553798397583791,0.0171987079994966
32.0,52.0,0.0014306728192315932,0.539524855421444,0.2182884317004856,0.2192556471275716,0.0215003929312672
34.5,52.0,0.005533547129472516,0.2670565302144249,0.1391770944685489,0.5685510071474984,0.0196818210400553
26.0,52.0,0.010397565841175238,0.3806597215225583,0.2133516029580671,0.3286114413524896,0.0669796683257098
27.0,52.0,0.010039837431089382,0.3977103537081002,0.2440344452939519,0.2954810671602752,0.0527342964065832
33.0,52.0,0.004587340549676244,0.5333789384733009,0.1362721822059474,0.3099271659088165,0.015834372862259
30.5,52.0,0.015025461556193664,0.3518305077642029,0.1721955615163771,0.4381064146356797,0.0228420545275466
32.5,52.5,0.0041026093477735115,0.3740653329510113,0.1955797692833668,0.3996956128548426,0.0265566755630059
33.5,52.5,0.008778701722654936,0.4691091161744271,0.2949908463286058,0.2026821360037055,0.0244391997706067
33.0,52.5,0.003716130128259776,0.3174636880998895,0.1693068886435063,0.4837339675528752,0.0257793255754692
34.0,52.5,0.005554495537323345,0.7497508957154063,0.121393287964553,0.1061290254192372,0.0171722953634802
