LATITUDE,LONGITUDE,LAND_USE_CLASS_0,LAND_USE_CLASS_1,LAND_USE_CLASS_2,LAND_USE_CLASS_3,LAND_USE_CLASS_4
44.5,33.5,0.5547929558941407,0.16644759730116843,0.09048481149417378,0.06117784815009585,0.12709678716042122
44.5,34.0,0.27306740822488307,0.5354111932175266,0.10874531028183532,0.033174075604107706,0.04960201267164732
44.5,34.5,0.6566843011348962,0.19359806473370939,0.06759733793760148,0.035013117903762006,0.047107178290031006
45.0,28.5,0.014517420953684248,0.3168898792661659,0.08754345143323186,0.5467024454858035,0.034346802861114495
45.0,29.0,0.26657830445543673,0.08323318186228633,0.2760194063877166,0.3471684045950792,0.0270007026994812
45.0,29.5,0.3647001870263888,0.08479293838488182,0.5275874368520805,0.020095246886499857,0.002824190850149088
45.0,33.0,0.7887840200873376,0.0,0.028688430863225076,0.16358673867497764,0.018940810374459664
45.0,33.5,0.45123698603687923,0.0045717797132479076,0.059100919200676214,0.41031999966096516,0.07477031538823144
45.0,34.0,0.0048606847465582125,0.1289440421782487,0.17421824418860413,0.5590705730256593,0.1329064558609297
45.0,34.5,0.03392061181389027,0.2888874621390227,0.3354305998629496,0.3036147248098344,0.03814660137430301
45.0,35.0,0.18622780794594726,0.2247145417115445,0.20071029160521642,0.34357853508656844,0.04476882365072335
45.0,35.5,0.45747146604223055,0.004356513728939007,0.17883702181514838,0.316372711906278,0.04296228650740401
45.0,36.0,0.3746192978885467,0.005213509181711647,0.3063334413524909,0.3096245264974423,0.004209225079808355
45.0,36.5,0.6795292138083634,0.0013646095506560623,0.09862931764278154,0.19519737873630694,0.025279480261892053
45.5,28.0,0.03579401878285774,0.04363126640768267,0.08697764439962895,0.7451128407136759,0.08848422969615477
45.5,28.5,0.1730597647242301,0.01948584612385027,0.08281254008605912,0.6739490248004494,0.0506928242654111
45.5,29.0,0.0752683285343893,0.026821777180118658,0.0630731930648629,0.7817229046788743,0.05311379654175489
45.5,29.5,0.176651822505892,0.035081992658260966,0.3275839748763141,0.43079646315743614,0.029885746802096914
45.5,30.0,0.8918140092502415,0.005492147110631062,0.03301050039701243,0.06323767190247356,0.006445671339641411
45.5,32.5,0.6678466372239441,7.586064728921872e-05,0.19194372298660686,0.11963881136216123,0.02049496777999854
45.5,33.0,0.29793271559047,9.238642134458377e-05,0.14218358494941913,0.5421769200043245,0.017614393034441823
45.5,33.5,0.0005059466279571937,5.5424237015240764e-05,0.13954003420269018,0.8388723406340248,0.02102625429831253
45.5,34.0,0.0001998259621308841,0.0003016957698830448,0.0569137614315155,0.908877221370487,0.033707495465983624
45.5,34.5,0.00243146269227042,0.0038575191843948095,0.033429085370263324,0.8925349092697903,0.06774702348328104
45.5,35.0,0.3369569231055957,0.0020999584251092723,0.09602960081795152,0.5386794052173638,0.026234112433979724
45.5,35.5,0.7822468599145367,0.0003665868352180139,0.05627732112658938,0.15467764241507834,0.006431589708577641
45.5,36.0,0.4685166423789875,0.009312591348656649,0.20789596480339922,0.2864225646603756,0.027852236808581003
45.5,36.5,0.6230133062679419,0.005922048228176723,0.18877115273697684,0.12211329720117246,0.06018019556573202
46.0,28.5,0.010290808212586561,0.07769347694539713,0.05751803507532694,0.7967615278865914,0.057736151880097925
46.0,29.0,0.004890301839653821,0.02095413728286236,0.054806928367182275,0.8772816681015809,0.0420669644087205
46.0,29.5,0.016274473678800062,0.011585336977154224,0.059776177130293096,0.8721338251238375,0.040230187089914965
46.0,30.0,0.13331177403017766,0.005167133230203456,0.016869848260381116,0.8175258570796766,0.027125387399561142
46.0,30.5,0.6366801290102462,0.003703871297644859,0.028490253257619877,0.26222129401304856,0.06890445242144046
46.0,31.5,0.9793814430226414,0.0016715657456398197,0.01894699123171875,0.0,0.0
46.0,32.0,0.8806751070537,0.0004883494538666952,0.04269980314062938,0.07407789736500382,0.002058842986800061
46.0,32.5,0.454107446114102,0.003813161507841757,0.03232912155951697,0.4815700247916946,0.028180246026844723
46.0,33.0,0.6972434834014021,0.004988799219466374,0.040233250486141944,0.24175750333848545,0.01577696355450417
46.0,33.5,0.4464043559299526,0.0013734893670391897,0.10303313460889776,0.42679047987103863,0.02239854022307184
46.0,34.0,0.2833965010946169,0.0018023622520638718,0.14119467456648052,0.5451483353105825,0.028458126776256205
46.0,34.5,0.3953746997311719,0.0014951949132802791,0.16144535437328014,0.4227500791143928,0.018934671867874897
46.0,35.0,0.8235565627438293,0.007500023364599621,0.10314186210448233,0.050107170406661024,0.01569438138042771
46.5,29.0,0.0033012445888205965,0.09984739529657834,0.09462071531667468,0.7471539939185301,0.05507665087939626
46.5,29.5,0.00692180064348602,0.06869721762899896,0.09989827931274402,0.7598127814125253,0.06466992100224574
46.5,30.0,0.09277489636869436,0.03985395628525502,0.11568384453155767,0.682392360458178,0.06929494235631499
46.5,30.5,0.14220296408713537,0.018946712735480053,0.06763033756084869,0.6097679425247783,0.1614520430917576
46.5,31.0,0.5211153881050177,0.00234981880310904,0.05464076489389247,0.32687172604533205,0.09502230215264879
46.5,31.5,0.6897824571737676,0.008276144240571118,0.05906081022463382,0.22333159632282237,0.019548992038205072
46.5,32.0,0.4383796717235851,0.018912494067256067,0.20310945436860603,0.320828196536702,0.01877018330385072
46.5,32.5,0.07189767755822422,0.0777754699625992,0.2567952277999233,0.49711434843692937,0.0964172762423239
46.5,33.0,0.018135574554790916,0.14408933361745674,0.3072473206576083,0.49043660122356814,0.04009116994657583
46.5,33.5,0.007648745353297075,0.004637999020917275,0.03506112882972659,0.9203271429625628,0.03232498383349627
46.5,34.0,0.01164240811741877,0.0006339047802589741,0.08008040682644499,0.8913899619969976,0.01625331827887975
46.5,34.5,0.009802735108388728,0.00027856219859551806,0.035868138104999975,0.9324716448950878,0.02157891969292792
46.5,35.0,0.1051179927748866,0.0019179635964519251,0.028436681443191086,0.8442680567796773,0.020259305405792995
46.5,35.5,0.42671381976784134,0.008465080040331361,0.04020858808415117,0.5017414898294265,0.022871022278249723
46.5,36.0,0.6729316005194986,0.0007639493115839261,0.024443312501570814,0.2942652441945924,0.007595893472754286
46.5,36.5,0.8666823041573521,0.00010925068281676762,0.01961449553802213,0.09511536146923634,0.018478588152572528
46.5,37.0,0.955198376737914,0.0,0.018267014412450464,0.0008336725003391669,0.02570093634929638
47.0,29.5,0.012245401632503088,0.08764147371627919,0.06496546857661084,0.7387800897703736,0.09636756630423325
47.0,30.0,0.0014636771359234203,0.05587590830613553,0.08297236539856333,0.825393056941489,0.03429499221788876
47.0,30.5,0.01362378837279445,0.015767626288268922,0.07233044939388157,0.8651271087980832,0.03315102714697187
47.0,31.0,0.04899702772237159,0.015752937202335605,0.08176430895570158,0.819301036736986,0.03418468938260528
47.0,31.5,0.014108835536974297,0.0028919320641501503,0.10029228417540291,0.8632201110909551,0.019486837132517563
47.0,32.0,0.07752294083653444,0.016734532141048704,0.0930803228648878,0.707436635871676,0.1052255682858531
47.0,32.5,0.0027727391261843943,0.0010194403982537086,0.006764711553889844,0.964209897924995,0.02523321099667697
47.0,33.0,0.016508939424658056,0.01364131363905504,0.05760455506101913,0.8797113680380738,0.032533823837193936
47.0,33.5,0.1186226797070887,0.012450320073437163,0.031417628156726676,0.7925550607070669,0.044954311355680496
47.0,34.0,0.07913810763146295,0.008169701621349928,0.012214523363751822,0.8825983350246386,0.017879332358796778
47.0,34.5,0.000869534642433491,0.0010816810436749945,0.003910091550714902,0.9807632181599164,0.013375474603260103
47.0,35.0,0.0009171254498778744,0.001380230540971833,0.007332198250451214,0.9700384459596854,0.02033199979901379
47.0,35.5,0.001001756583034053,0.012046384923003467,0.04000472014114691,0.8810744171421445,0.06587272121067117
47.0,36.0,0.003011949475872926,0.002456943374221326,0.01128689243225267,0.9653854012709343,0.01785881344671882
47.0,36.5,0.030956426485698636,0.007674217895390898,0.02389115220715959,0.9111700139289203,0.02630818948283059
47.0,37.0,0.18335270039617463,0.020312250410838804,0.05667595866947332,0.7027057223670875,0.03695336815642576
47.0,37.5,0.5157102764945837,0.015634066773442222,0.04129314305590815,0.3308252838065832,0.09653722986948271
47.0,38.0,0.6927866143905038,0.0013892322951679632,0.024486184700269812,0.2642446027696111,0.0170933658444474
47.0,38.5,0.6383565805810592,0.0011994993405669131,0.010048920403136393,0.3331866875029713,0.017208312172266257
47.5,25.0,0.0003166889376201476,0.702014112520511,0.27387209951857483,0.005388515630015919,0.018408583393278038
47.5,29.0,0.025377095223238555,0.13526792884773162,0.07933885448626518,0.6822743025028652,0.07774181893989947
47.5,29.5,0.0033204194415770065,0.09807114801635357,0.09352068864610975,0.7729911888298051,0.032096555066154574
47.5,30.0,0.0016296757759750279,0.08105261567617554,0.09326709723690144,0.7899474020086638,0.034103209302284235
47.5,30.5,0.0009091157110598857,0.04474849494256537,0.07226722586163317,0.8577362796607649,0.024338883823976743
47.5,31.0,0.00692809246283456,0.02945857769233384,0.0640852585317356,0.8760089021727252,0.023519169140370777
47.5,31.5,0.009504098102534254,0.05244780587014221,0.08628418012620842,0.8109982430815091,0.04076567281960596
47.5,32.0,0.007083543877354819,0.009888377815681056,0.07157874778998326,0.8886919636976038,0.02275736681937714
47.5,32.5,0.004977267889579687,0.010786837864159429,0.033085067786048396,0.9217743217908708,0.029376504669341694
47.5,33.0,0.005984651258764,0.016259815969932888,0.03891607572225627,0.9069232832227356,0.03191617382631128
47.5,33.5,0.011477179946597416,0.01442518881058982,0.02483053793531522,0.9098998268068843,0.03936726650061323
47.5,34.0,0.2466491168573357,0.01453992031091817,0.08078416695012344,0.6201912507614542,0.037835545120168484
47.5,34.5,0.21219369174120034,0.022831165791263014,0.06610241838745042,0.6046723795793757,0.09420034450071052
47.5,35.0,0.3588081758980594,0.015327841144132931,0.039865752172357945,0.541137033995428,0.04486119679002176
47.5,35.5,0.04090616797754797,0.012478518763055694,0.03915845150503848,0.8614688056692417,0.045988056085116254
47.5,36.0,0.0036238335124477283,0.004881385974979962,0.029591131702143558,0.9331761847749961,0.028727464035432693
47.5,36.5,0.0029896560589931665,0.014580738515153405,0.01406443505387758,0.9404299595373159,0.027935210834659926
47.5,37.0,0.003162732637849377,0.017213542773124257,0.01581977450687837,0.9388535226590397,0.02495042742310838
47.5,37.5,0.010428202623405226,0.039933218450536,0.07363493282773435,0.8213455109594887,0.0546581351388357
47.5,38.0,0.011955321051381201,0.010186134963255126,0.13455173910755822,0.812983459511763,0.03032334536604248
47.5,38.5,0.0115994097433847,0.01166247083136325,0.017676019785316407,0.9363746216870157,0.02268747795292
47.5,39.0,0.04121193781404763,0.02356789620821132,0.04600553716506262,0.8291751222932077,0.06003950651947083
48.0,22.5,0.013509599161446591,0.21476745626810986,0.028771532898913123,0.6681352508411126,0.07481616083041788
48.0,23.0,0.011319035896641301,0.3267511570963967,0.05756080577777484,0.4960944561522575,0.10827454507692967
48.0,23.5,0.011549118814761297,0.5474905597928074,0.15817782590883037,0.1232141781977223,0.1595683172858787
48.0,24.0,0.003099089271554159,0.7871776758273307,0.12390809912910852,0.015826799062032382,0.06998833670997429
48.0,24.5,0.0005725784887014596,0.8518930705408142,0.13533730748763148,0.0013128846811102858,0.01088415880174258
48.0,25.0,0.0017564376919334728,0.7554076443283322,0.20708425477288708,0.006356508405968399,0.029395154800878776
48.0,25.5,0.0014935174785143848,0.6913507341388166,0.07674790941486002,0.15881065231940555,0.0715971866484034
48.0,26.0,0.008252127898293065,0.2604610862615955,0.03760982787283334,0.5475598828232887,0.14611707514398936
48.0,26.5,0.013152556061780594,0.11998974074759497,0.07834517968116878,0.6775899470011773,0.11092257650827841
48.0,28.0,0.008744322885294557,0.04201822055437978,0.034512482506440456,0.8220717628851107,0.09265321116877442
48.0,28.5,0.015918610004884034,0.11913123690602875,0.05802122815932095,0.7131434108713014,0.09378551405846494
48.0,29.0,0.006644211829201046,0.2300142054152383,0.049553821390946405,0.6378670718479971,0.07592068951661717
48.0,29.5,0.005727698765178261,0.2191011443127041,0.0578495041469499,0.6667197106034345,0.050601942171733236
48.0,30.0,0.01059536399111792,0.1516104168010001,0.052355412079429786,0.7435673629691124,0.04187144415933974
48.0,30.5,0.008498049143640534,0.04345081110236466,0.040448341363507535,0.8584849763119738,0.04911782207851342
48.0,31.0,0.01567942403011041,0.026511867455822014,0.04572358026920853,0.8483400465741504,0.06374508167070866
48.0,31.5,0.006972391877887391,0.022193600544920207,0.02288266933591452,0.9199370047329258,0.02801433350835195
48.0,32.0,0.00908265501334881,0.011038367225233419,0.03091275141709601,0.9267476347045623,0.02221859163975947
48.0,32.5,0.009128999991154518,0.010519747703020258,0.04242401955734994,0.920335192325886,0.017592040422589387
48.0,33.0,0.018769601827376907,0.02562632588404397,0.04366454737302492,0.8788031829266988,0.03313634198885551
48.0,33.5,0.03317440736139553,0.0346417454860342,0.14859913308884376,0.6449650188796019,0.13861969518412456
48.0,34.0,0.009531718527590327,0.007326492088360715,0.018762092452391372,0.9435862149877712,0.020793481943886475
48.0,34.5,0.007151085744516521,0.007739907418109968,0.017994418120233825,0.9432488309040277,0.023865757813112093
48.0,35.0,0.07495619923720229,0.04571756956796668,0.04279148189724638,0.7058799999518859,0.1306547493456988
48.0,35.5,0.009716430610727756,0.011771403179287373,0.026391623149726713,0.909093522667704,0.04302702039255417
48.0,36.0,0.007210155898875276,0.009531843963525145,0.019207746170927454,0.9316323316840689,0.0324179222826032
48.0,36.5,0.005958616785756769,0.030478911001855943,0.020579120821015397,0.9203540564728636,0.022629294918508354
48.0,37.0,0.008692654791795864,0.010726192892313987,0.03507111835653867,0.9108031176141075,0.03470691634524399
48.0,37.5,0.01752996676948503,0.04093130751846465,0.06977848425158713,0.7589555688019312,0.11280467265853208
48.0,38.0,0.017799504708503423,0.06329640045106605,0.15040903309593817,0.5426126676131385,0.22588239413135378
48.0,38.5,0.010750537806773815,0.1135015830438133,0.2834496003856009,0.4980776346515044,0.0942206441123076
48.0,39.0,0.0065721710242512546,0.13386961007854953,0.29782037997446986,0.4680779220269769,0.09365991689575247
48.0,39.5,0.008363608517480135,0.06016564472219988,0.2967809703888109,0.5787104115313335,0.05597936484017555
48.0,40.0,0.007970981816169561,0.057538491837628915,0.17763528678172077,0.6712762361863143,0.08557900337816648
48.5,22.0,0.011660175516269307,0.13999014591452213,0.03356308947841523,0.7441434769918743,0.07064311209891894
48.5,22.5,0.0036660080909731454,0.41184354129070366,0.04683501443962771,0.439855312139654,0.09780012403904141
48.5,23.0,0.005157284502849085,0.6970675484012675,0.07832202623426167,0.13736452675430905,0.08208861410731269
48.5,23.5,0.002571023905854527,0.8121857583546103,0.1425945477061194,0.00560214572910227,0.037046524304313565
48.5,24.0,0.0006882317626271959,0.8953129587438589,0.09593561991919868,0.0009571808459505953,0.0071060087283646295
48.5,24.5,0.002122573321895109,0.7147938511042238,0.12366270305007257,0.06811083698182875,0.09131003554197979
48.5,25.0,0.004239358423714223,0.43236896282942594,0.08165766353390305,0.3468979607901017,0.1348360544228551
48.5,25.5,0.012845957997231087,0.16257285608139904,0.02895228533947586,0.6734117492529272,0.12221715132896684
48.5,26.0,0.019125365960580055,0.22125931991254322,0.03431888656493709,0.5728938541465449,0.15240257341539476
48.5,26.5,0.02462838233609378,0.1252908652933671,0.04194286518630528,0.6848593992855393,0.12327848789869454
48.5,27.0,0.04398652132818245,0.17655541470951522,0.031252934208141056,0.6525029884212414,0.09570214133291984
48.5,27.5,0.024770465130625446,0.2142752681355209,0.03247469404721756,0.638298218591996,0.09018135409464019
48.5,28.0,0.007167144875874754,0.12393457149471185,0.027626468054455646,0.7566142248086555,0.08465759076630225
48.5,28.5,0.0032176948461692403,0.14549556253474955,0.012770909196308432,0.7657785325670654,0.07273730085570737
48.5,29.0,0.0164828138662183,0.2139693331693276,0.013881997341964988,0.670143434176255,0.08552242144623409
48.5,29.5,0.018574503981619566,0.15582053922759667,0.014122755148101494,0.7347125432580024,0.07676965838467986
48.5,30.0,0.015075780236509491,0.09541629361275149,0.013995483389686892,0.8013696848313351,0.07414275792971706
48.5,30.5,0.009359601835181289,0.11605790724882557,0.014128525221250642,0.8099292988494531,0.05052466684528938
48.5,31.0,0.014079051377817836,0.049408048990614684,0.02388514598599238,0.8808697218122843,0.0317580318332909
48.5,31.5,0.011670403459196593,0.0231120101922092,0.022247886767306033,0.9022482393113028,0.040721460269985285
48.5,32.0,0.01339711499826899,0.04754680976471025,0.03118061912598855,0.8543258803196877,0.053549575791344485
48.5,32.5,0.012411199604560814,0.05740981963467137,0.04542802201560619,0.8275440040535792,0.057206954691582455
48.5,33.0,0.012159624105897972,0.04705355595032209,0.058148117421234664,0.839398449143865,0.04324025337868027
48.5,33.5,0.011095191585971607,0.042077460963366654,0.04524314161571815,0.8629664315605634,0.03861777427438026
48.5,34.0,0.016643218883343764,0.08680101883949974,0.06038724126790636,0.806923156029262,0.02924536497998808
48.5,34.5,0.09557261422040697,0.08430454111956255,0.09250969323172785,0.6162026309582846,0.11141052047001798
48.5,35.0,0.06962488192075544,0.07320568531345156,0.08742299653099644,0.5487402798283272,0.22100615640646942
48.5,35.5,0.011026301595767509,0.09857333895752289,0.09749781080494355,0.7362101981190333,0.05669235052273267
48.5,36.0,0.008685236902704398,0.041162027668350344,0.15620471325033658,0.7357788132368615,0.05816920894174719
48.5,36.5,0.005887557316282217,0.012065287339260657,0.07452128680098526,0.8760443730142274,0.03148149552924445
48.5,37.0,0.009988877767767221,0.02070764993220865,0.040616508628021214,0.8728028264365009,0.05588413723550198
48.5,37.5,0.013632511152231646,0.0369017739239428,0.10568683449430993,0.7559438912577958,0.08783498917171978
48.5,38.0,0.013929596705874805,0.08293162590269197,0.1641101522001735,0.6155095195111108,0.12351910568014898
48.5,38.5,0.005964331509347582,0.11231528033782195,0.3603948628479824,0.4048409352117015,0.11648459009314649
48.5,39.0,0.009295651435758253,0.08587685432067874,0.34904849390946546,0.4613670847407031,0.09441191559339437
48.5,39.5,0.004909684312628604,0.15383180235809168,0.27270094692627056,0.4535015459491926,0.11505602045381653
48.5,40.0,0.008513012906176553,0.13436438387043048,0.23690985525528482,0.5729833980103732,0.04722934995773489
49.0,22.5,0.0017179089452663038,0.9013435971302263,0.06808015559508485,0.00998146964250245,0.018876868686920047
49.0,23.0,0.0024729134395657607,0.7086805968462726,0.2344230182724441,0.017816316256024152,0.036607155185693296
49.0,23.5,0.003155705830453344,0.8276193254099482,0.09254103396261444,0.039767518774513684,0.03691641602247034
49.0,24.0,0.007839383802923225,0.5694387716105328,0.12342873187357106,0.2037062767863677,0.09558683592660527
49.0,24.5,0.01668992701787109,0.38872494728093193,0.05774354764713353,0.3972858864564103,0.13955569159765321
49.0,25.0,0.012737310604480832,0.27110471380132284,0.033819411892701004,0.6073378621586446,0.07500070154285073
49.0,25.5,0.0077760020766157135,0.1466101339642972,0.014351819026497218,0.7648455711274166,0.06641647380517327
49.0,26.0,0.00589814995760872,0.19454670165185728,0.016018778311527992,0.701880532936529,0.08165583714247705
49.0,26.5,0.004169318985610693,0.12159569247476265,0.01599084690298885,0.7762463905619771,0.08199775107466074
49.0,27.0,0.0034520722811633786,0.17763697072539233,0.02250064845129147,0.7170214551185699,0.07938885342358289
49.0,27.5,0.011178076832128061,0.1982012523288374,0.026846672290132483,0.6811160023342093,0.08265799621469269
49.0,28.0,0.015631271536090518,0.19596488315100016,0.02121233490503759,0.6788656683741336,0.08832584203373814
49.0,28.5,0.01583479590515707,0.17154511860682858,0.017115671007953727,0.6659598526269842,0.12954456185307647
49.0,29.0,0.01723345839065657,0.13829224643592897,0.009654395366460743,0.7652686772711973,0.0695512225357564
49.0,29.5,0.016071551187188907,0.15444800056308933,0.01481946118127418,0.7448161873545925,0.06984479971385502
49.0,30.0,0.02065950160377405,0.06533746114164346,0.02002679735950237,0.8142192361498917,0.07975700374518839
49.0,30.5,0.012185246174995796,0.0906340130259993,0.014503644154188313,0.8145340157375719,0.06814308090724472
49.0,31.0,0.010447079011442956,0.14640536311396968,0.025604442298370115,0.7471802143518832,0.07036290122433408
49.0,31.5,0.01293498145023962,0.13102111400176664,0.020403060617834506,0.7691133204760335,0.0665275234541257
49.0,32.0,0.010783937294001891,0.21494680833525392,0.03630749100727565,0.6768901353957203,0.061071627967748225
49.0,32.5,0.0636286197970014,0.287384286401616,0.05236310813967654,0.5650410583224866,0.03158292733921936
49.0,33.0,0.31234604321175535,0.1371379072490098,0.0442227103605193,0.4756703271670117,0.030623012011703855
49.0,33.5,0.04758638391618841,0.11889062698628389,0.1695911569906703,0.5523970985002806,0.11153473360657674
49.0,34.0,0.1231980362041628,0.10426630367925532,0.08975856433149176,0.6465245902693727,0.03625250551571744
49.0,34.5,0.008145255789975542,0.07111518580130806,0.10224556747401664,0.7823439119689001,0.036150078965799685
49.0,35.0,0.009807498103774364,0.028778704782007405,0.06271233819553956,0.8670206342626988,0.03168082465597984
49.0,35.5,0.008819842225808058,0.05326872660724966,0.07279673079853928,0.8339532310175042,0.031161469350898707
49.0,36.0,0.010129502409092526,0.020799203051592958,0.03963301597580887,0.9035568102990753,0.02588146826443028
49.0,36.5,0.015295286376987868,0.021329061520386536,0.04967983524740431,0.8781509153830378,0.03554490147218354
49.0,37.0,0.006005038664873568,0.13782593639987892,0.08393783987511567,0.7488303198553654,0.023400865204766436
49.0,37.5,0.02668659444295368,0.2732540355093001,0.11711825733076808,0.4930594659255445,0.0898816467914336
49.0,38.0,0.01119486437201677,0.2208565977793865,0.13153788861246216,0.5903348233207212,0.046075825915413454
49.0,38.5,0.006210458802147921,0.17958820315258744,0.24982754419295858,0.4769418715801553,0.08743192227215087
49.0,39.0,0.004167505219752927,0.13416185002629138,0.13676744949069786,0.692965512925641,0.03193768233761679
49.0,39.5,0.0027272686293723703,0.08883189822499642,0.0991771850225039,0.7769413677629966,0.03232228036013071
49.0,40.0,0.0013932140915553903,0.042249671199287346,0.08904506841102422,0.8487973129157188,0.018514733382414248
49.5,22.5,0.01477182246986498,0.7384900312898618,0.14643840542895872,0.05201575775691678,0.04828398305439773
49.5,23.0,0.00193693449515835,0.4725877374988011,0.08680379417409294,0.3613746989777372,0.07729683485421035
49.5,23.5,0.005133863453961773,0.2625010378549823,0.09685638933960936,0.5260357988109028,0.10947291054054377
49.5,24.0,0.012289175276210849,0.31188367195720834,0.050678841762354314,0.522934773102727,0.10221353790149959
49.5,24.5,0.00710766333955249,0.30494711797484725,0.029619299864261484,0.5898593981320256,0.06846652068931323
49.5,25.0,0.005475398461365092,0.2551194054328,0.030135242413681585,0.6521376033695964,0.057132350322556945
49.5,25.5,0.007392524674991811,0.0969272238804505,0.02384674140932288,0.7672552431303065,0.10457826690492834
49.5,26.0,0.007230944916789075,0.07057033995646941,0.01784003851671328,0.8353780012047125,0.06898067540531566
49.5,26.5,0.012778851486058136,0.05545088277774323,0.018564386230231114,0.8602502637531054,0.052955615752862145
49.5,27.0,0.018761032332404344,0.12336999718766357,0.04125992913021198,0.6968489032400964,0.11976013810962369
49.5,27.5,0.022960763928769026,0.17901088937398948,0.040009579446795555,0.7014871942010052,0.0565315730494406
49.5,28.0,0.015058575558985036,0.1779324599792088,0.028960683787766728,0.7152209425335208,0.0628273381405186
49.5,28.5,0.018866715036787836,0.15598694451495063,0.03404639239253316,0.6929679431152946,0.09813200494043377
49.5,29.0,0.021332732238435077,0.07917980806503398,0.022575398258218027,0.8163450058037204,0.06056705563459254
49.5,29.5,0.02037713017426217,0.09703273914954025,0.026537380599192546,0.7966831115451523,0.05936963853185285
49.5,30.0,0.017118274951676855,0.1168351903630569,0.013760844823545714,0.7867587355032177,0.06552695435850286
49.5,30.5,0.017280583155095387,0.15930763293007574,0.02568773231785791,0.7321024344264581,0.06562161717051286
49.5,31.0,0.011377457714603826,0.22833555702482058,0.038535179815941414,0.6505720926399795,0.07117971280465461
49.5,31.5,0.021891291183677407,0.42842073088284416,0.08789999052916507,0.40187739178843146,0.05991059561588194
49.5,32.0,0.14816587248348498,0.26919388397627897,0.11082759480562283,0.36067848029304117,0.11113416844157209
49.5,32.5,0.3288325430818735,0.04895086966875225,0.06260243717127162,0.5174463025239109,0.04216784755419174
49.5,33.0,0.144733763533308,0.01943245075705113,0.0726389146184473,0.7302382770852375,0.03295659400595614
49.5,33.5,0.010402049654357311,0.04435906376731191,0.07629279294980167,0.8330133709509405,0.03593272267758865
49.5,34.0,0.0059603267568835005,0.07643787881135614,0.07327365043944299,0.8082492809337516,0.03607886305856583
49.5,34.5,0.00638523304918953,0.19167264721286273,0.08813844098058862,0.5972364838170962,0.11656719494026298
49.5,35.0,0.007001827398104633,0.03709823813458025,0.036646708561920066,0.8756077268627873,0.04364549904260768
49.5,35.5,0.006162502918246405,0.0890958795041797,0.047122354303698655,0.8235482260619312,0.034071037211943975
49.5,36.0,0.006167426710993444,0.11533653575292414,0.05058188762294243,0.7750049448513626,0.052909205061777355
49.5,36.5,0.018220820144830025,0.1945593682279977,0.10888075249718183,0.6264459670782003,0.05189309205179014
49.5,37.0,0.006329301998935312,0.11874454830239257,0.07331318150824483,0.7623186431477247,0.039294325042702596
49.5,37.5,0.019261700528072016,0.13097769423137973,0.10764948392615577,0.6932789210409969,0.04883220027339572
49.5,38.0,0.0061112029766848,0.06124903083588563,0.06560947695077925,0.8386356893187239,0.0283945999179263
49.5,38.5,0.0038844527193822925,0.056872632631561004,0.06980222233278417,0.8498124796762465,0.019628212640026014
49.5,39.0,0.004707458780951955,0.07416734229190831,0.06890090590282297,0.8072155385876213,0.04500875443669549
49.5,39.5,0.002279313267288339,0.061873808794840175,0.07314255381962538,0.8401345176773746,0.022569806440871518
49.5,40.0,0.0032723992108728635,0.08095162046515854,0.09688592131953795,0.7913669589148008,0.027523100089629864
50.0,23.0,0.009736603083497707,0.340843363960314,0.026118968111399576,0.5370272624706304,0.08627380237415833
50.0,23.5,0.014610861691204262,0.48871318709436845,0.08574299174335258,0.32453905440976283,0.08639390506131185
50.0,24.0,0.0062801667800326385,0.30109828273924316,0.08274318646822215,0.429753710723467,0.18012465328903504
50.0,24.5,0.006220033992288809,0.2776079787541517,0.060954317069046304,0.5852419284973374,0.06997574168717575
50.0,25.0,0.003832783323415751,0.42180693525131524,0.11708922145196615,0.39468356746572064,0.06258749250758223
50.0,25.5,0.010838382613767017,0.2068226785929825,0.08347005551879762,0.6241813115901368,0.07468757168431613
50.0,26.0,0.007915473761037059,0.250114203114428,0.0744747647059137,0.6121176195696209,0.055377938849000455
50.0,26.5,0.005961976583444446,0.1620306562230186,0.06117878769633226,0.7279029293389269,0.042925650158277893
50.0,27.0,0.011183051299498146,0.18781727207822113,0.04502297758289117,0.6889027389587392,0.06707396008065025
50.0,27.5,0.012715978957161794,0.21568891338641086,0.050038210545545934,0.6609134497368115,0.060643447374069896
50.0,28.0,0.0077287976227723865,0.21301301889559385,0.06428708767207454,0.6686245555216124,0.04634654028794685
50.0,28.5,0.018172406415756386,0.25223622653514177,0.09998578434100172,0.5377048302262575,0.0919007524818425
50.0,29.0,0.01111270170114271,0.19687978498859493,0.05138714236453806,0.6932747108088638,0.04734566013686051
50.0,29.5,0.01663593908089135,0.14330774286337694,0.04251254587454123,0.7439380731217033,0.053605699059487116
50.0,30.0,0.021657953680520356,0.16708665771401485,0.04515359030607833,0.6413564880263608,0.12474531027302557
50.0,30.5,0.021395006860806587,0.10421117995415463,0.05899875632606913,0.6947436124310826,0.12065144442788703
50.0,31.0,0.08236063351811465,0.1886564471304823,0.11214636095699318,0.542746189929779,0.07409036846463089
50.0,31.5,0.15730332759018725,0.2284437634415714,0.05486219437592273,0.4952365752449947,0.0641541393473239
50.0,32.0,0.004589345921801045,0.038084240156444876,0.03188200512522199,0.8667447704185295,0.058699638378002635
50.0,32.5,0.002753935364112427,0.05699221266515502,0.05357704936134113,0.8388851283669818,0.04779167424240947
50.0,33.0,0.0045216390303864295,0.1697033866283827,0.13353703735706923,0.6408584875746803,0.05137944940948127
50.0,33.5,0.00763192236048844,0.09990537321766112,0.060586491192679955,0.7654144908672467,0.06646172236192373
50.0,34.0,0.006029267956493519,0.20649026436844037,0.07235225768412212,0.6733634499517275,0.04176476003921651
50.0,34.5,0.004659642260923587,0.22729276453014555,0.05680196214688286,0.6623693653116733,0.04887626575037466
50.0,35.0,0.005511766412764139,0.15574376799322742,0.037195272247633755,0.7631025850531717,0.038446608293202955
50.0,35.5,0.012532998777759301,0.1810428203363291,0.03143776665345234,0.7248442421271388,0.0501421721053204
50.0,36.0,0.013411148585194528,0.2656633087565409,0.07653610503566817,0.46735129461636027,0.1770381430062361
50.0,36.5,0.012143338794472528,0.22716018956656658,0.10259671544787935,0.49262480587047264,0.16547495032060888
50.0,37.0,0.04012791376159442,0.1684154031417945,0.09366785447971542,0.6592001402131499,0.03858868840374576
50.0,37.5,0.007765276831323764,0.12588568142441167,0.09021253065315811,0.7455480824540996,0.0305884286370068
50.0,38.0,0.005439537018433152,0.11661331674346034,0.10773468638226952,0.7237966246644347,0.04641583519140229
50.0,38.5,0.0045216042708410235,0.06260300202453911,0.0734257959650386,0.8337696263106078,0.025679971428973547
50.0,39.0,0.003397258882143238,0.07383719581543371,0.09354600842735888,0.8028275665505871,0.026391970324477182
50.0,39.5,0.003581604504174501,0.06309120588814576,0.0753927009501595,0.8136263135331373,0.044308175124382884
50.5,23.5,0.004675614614928219,0.28608010820474244,0.029538282560685004,0.6144055497145873,0.06530044490505703
50.5,24.0,0.0035406846958139972,0.2108214879572938,0.05517867931007693,0.667887399933752,0.06257174810306321
50.5,24.5,0.005173507425384545,0.19398712059894088,0.07390351066087956,0.6693248559424686,0.057611005372326496
50.5,25.0,0.012237840301916518,0.13646443935766167,0.08260029023284197,0.7235259049974693,0.045171525110110584
50.5,25.5,0.008221463221126001,0.14532212282313423,0.06552758235957327,0.7050625833997743,0.07586624819639214
50.5,26.0,0.007421498849385928,0.23887470112556475,0.05297119991524863,0.6140133424532325,0.08671925765656824
50.5,26.5,0.01933603405342645,0.20156376818689933,0.12323852685144607,0.5641039807924776,0.09175769011575048
50.5,27.0,0.005397215489812765,0.20585668389411452,0.03929457243185629,0.7004922728623716,0.04895925532184478
50.5,27.5,0.004286164055338759,0.32767797950998373,0.06624499628215297,0.5367089411967207,0.06508191895580373
50.5,28.0,0.0019663971454717366,0.501880411607487,0.10873338791202208,0.3520640364014106,0.0353557669336086
50.5,28.5,0.010981100838321314,0.31308575664429283,0.11420676098429186,0.4766426497420539,0.08508373179104008
50.5,29.0,0.006085804086611894,0.3266201462313686,0.09089819470668863,0.520833437332252,0.05556241764307895
50.5,29.5,0.006402823879768891,0.4467440756006408,0.1268677900745657,0.3685657056122799,0.05141960483274471
50.5,30.0,0.010849010285431778,0.2954858454483985,0.13794345157338045,0.3973341785850796,0.1583875141077097
50.5,30.5,0.12182084076008101,0.318481770763974,0.15551080143344978,0.053933006098766854,0.3502535809437284
50.5,31.0,0.0014793759449752148,0.17494601640209756,0.10990688507232924,0.5644751355286171,0.1491925870519809
50.5,31.5,0.007600215279884074,0.10992885392832014,0.08653508381342245,0.7169728223917913,0.07896302458658204
50.5,32.0,0.008015687351349061,0.048310697533553854,0.05918366817062505,0.8420025397498182,0.042487407194653805
50.5,32.5,0.005630079966703935,0.21544462695696234,0.06618071250496976,0.6559680357540898,0.05677654481727416
50.5,33.0,0.006399119898510367,0.17872505551102227,0.028764554350453806,0.753967346239753,0.03214392400026042
50.5,33.5,0.00589998347893637,0.15602957773180262,0.060283808849742666,0.7272938561803065,0.050492773759211795
50.5,34.0,0.00571720003232479,0.15493227471214924,0.050495460152152144,0.7450298710208058,0.04382519408256813
50.5,34.5,0.007108471767784566,0.2751017879846277,0.06171361136851214,0.6202066773937832,0.035869451485292414
50.5,35.0,0.006593190208546028,0.32345663440926203,0.07616375702853341,0.5449934203199835,0.04879299803367492
50.5,35.5,0.011998004428214078,0.1607532948265313,0.053749434702866604,0.7370471291342197,0.03645213690816829
50.5,36.0,0.012359151392954307,0.16506366296556393,0.060886747453980886,0.703148652036641,0.058541786150859934
50.5,36.5,0.019603271485245075,0.141246980209824,0.10073820214190927,0.5418884498181811,0.1965230963448406
50.5,37.0,0.008033863581536412,0.2707053265360228,0.08048352155604371,0.568477370672976,0.07229991765342102
50.5,37.5,0.0029640670340161266,0.07393465629399511,0.06716441506877725,0.8311296377901044,0.024807223813107026
51.0,23.5,0.00373474487550647,0.217723304142836,0.017408902249168818,0.6968787577852363,0.06425429094725242
51.0,24.0,0.0048884652525470335,0.3491346265129518,0.0824322115114364,0.5156848088314172,0.04785988789164761
51.0,24.5,0.003638710773672444,0.3281087191087903,0.07016528248720412,0.5380218113852159,0.06006547624511731
51.0,25.0,0.0039731272233946915,0.2495516005484057,0.074637957541702,0.6268318490008633,0.045005465685634335
51.0,25.5,0.003288343177350873,0.45990534938272803,0.14166857274241632,0.3232514084232036,0.07188632627430115
51.0,26.0,0.0040945762595717425,0.6010721063931165,0.1474026003300265,0.20340032331768404,0.0440303936996013
51.0,26.5,0.005015592330352937,0.4994948985271251,0.2040611044465258,0.24037942051854144,0.05104898417745471
51.0,27.0,0.005632343141797115,0.6978105779182745,0.14237992960028847,0.11285642969072904,0.041320719648910875
51.0,27.5,0.002860415151786674,0.6780283441159672,0.11933694685427779,0.16584396914226462,0.03393032473570369
51.0,28.0,0.0025741575824145256,0.5327940726126004,0.14460386604976846,0.2856527623917764,0.03437514136344028
51.0,28.5,0.005804740763165511,0.5481754580967296,0.167422693212724,0.22865124050539742,0.04994586742198346
51.0,29.0,0.004978370258009047,0.4735609693633127,0.1869172956057792,0.3084342675129102,0.026109097259988903
51.0,29.5,0.0026800155315106857,0.4773994720686537,0.24609828904080028,0.24806029126129195,0.025761932097743447
51.0,30.0,0.005086705133608592,0.6120107238474378,0.23339911496802848,0.12055919656510128,0.02894425948582382
51.0,30.5,0.2672881931437652,0.43222883698331144,0.23166137480993065,0.042079987701416376,0.02674160736157644
51.0,31.0,0.0119110893509716,0.2909645065954305,0.21369328753996264,0.42646935215555715,0.056961764358078065
51.0,31.5,0.0005377826504419556,0.22712595559607457,0.10607109346241843,0.620336553536192,0.04592861475487308
51.0,32.0,0.0005848670281972206,0.15897631442520832,0.09002710469418877,0.6911072118946284,0.05930450195777726
51.0,32.5,0.004746939644517871,0.16596019512990973,0.05089714744618583,0.7343028814341341,0.044092836345252455
51.0,33.0,0.0060009383943647136,0.1136494411356031,0.03639074634295753,0.7901209305984705,0.053837943528604125
51.0,33.5,0.0108021944829873,0.1468625517926831,0.043627151409965974,0.7618734349625772,0.036834667351786435
51.0,34.0,0.011669825479417879,0.1282586429088917,0.05845447789311793,0.764768741198205,0.03684831252036745
51.0,34.5,0.009472099722721576,0.11374651862479365,0.03804905532750339,0.7860111122126561,0.052721214112325276
51.0,35.0,0.01291297457360408,0.2888530103116372,0.08287685090889102,0.5332556677171701,0.08210149648869763
51.0,35.5,0.011484853588774307,0.20784822177329673,0.08880459528673425,0.6432541513352906,0.04860817801590409
51.5,23.5,0.01388192878504578,0.5064875036673742,0.07105120831536677,0.37375008305763335,0.034829276174579954
51.5,24.0,0.03436228102373091,0.5863176501205936,0.1295837900834238,0.19562924955862093,0.05410702921363082
51.5,24.5,0.011480849951716233,0.48109478612113826,0.16921089989272364,0.2667590485793022,0.07145441545511955
51.5,25.0,0.0032721067922434777,0.5838225177218185,0.20017059471438559,0.14252547914943806,0.07020930162211443
51.5,25.5,0.005115056830679286,0.6876171520803841,0.20379470450009776,0.06379981218016577,0.03967327440867303
51.5,26.0,0.009232868838328736,0.5413557197180908,0.25742379300993445,0.12828872272109307,0.06369889571255298
51.5,26.5,0.00941727874750465,0.44997331457185563,0.24291691898460113,0.2360629597522451,0.06162952794379348
51.5,27.0,0.0038753174460026863,0.5921873310281619,0.3450643807800784,0.019182076034708728,0.03969089471104828
51.5,27.5,0.0010245300260326026,0.6124513646973678,0.3405813078843342,0.023571912176740508,0.02237088521552487
51.5,28.0,0.00127771280600214,0.7993280694468202,0.14304394504082887,0.04437444547459047,0.011975827231758248
51.5,28.5,0.0022765336927126427,0.654584375889345,0.14397992638709955,0.1758153404937324,0.02334382353711035
51.5,29.0,0.001363035956272497,0.6403960813190068,0.18152482096157455,0.1541280251123425,0.022588036650803632
51.5,29.5,0.001569824418003198,0.7166954817393102,0.22137679873826152,0.05729316346810186,0.0030647316363232114
51.5,30.0,0.019564142462164102,0.5526080455338803,0.4174064188663722,0.00492796034117826,0.005493432796405136
51.5,30.5,0.023173829474407895,0.4866828591657577,0.34931033276412654,0.125995879278512,0.014837099317195892
51.5,31.0,0.007136894354360557,0.30898713895232116,0.12672096687911225,0.5046889191273128,0.05246608068689317
51.5,31.5,0.010042918877665544,0.1439637906323125,0.1529955619656703,0.6258562656092463,0.06714146291510535
51.5,32.0,0.008279395291818783,0.20816067433912364,0.1915548350932925,0.5549886143303847,0.03701648094538041
51.5,32.5,0.008101860189388611,0.2841351834438965,0.2001964480335266,0.47641175339194514,0.031154754941243153
51.5,33.0,0.010370023431687456,0.3287724823098061,0.16140674180978418,0.45927398809279735,0.04017676435592491
51.5,33.5,0.0066139488784256305,0.4365428658042159,0.14362775328439664,0.3840015123827875,0.029213919650174336
51.5,34.0,0.007304761116804038,0.28891088123801467,0.10281855947218498,0.5661461755810632,0.03481962259193316
51.5,34.5,0.0069797151295139265,0.20963011350812677,0.14130359466171893,0.6099833215540162,0.032103255146624085
52.0,24.5,0.01219400516309696,0.41164902013805926,0.11109486880403742,0.40449461134424,0.06056749455056631
52.0,25.0,0.010265450313753022,0.409668728006513,0.19729743175186762,0.338941741391713,0.043826648536153416
52.0,25.5,0.009663701362181669,0.44891318911067163,0.13629654828833462,0.3587354807972397,0.046391080441572356
52.0,26.0,0.010256081695242078,0.3814384348160159,0.21338716269340055,0.3281184773810865,0.06679984341425492
52.0,26.5,0.007090691461393168,0.35948364868749433,0.23319710581842035,0.3695347029309808,0.030693851101711377
52.0,27.0,0.01000060344773844,0.3964658846798461,0.24492183294237202,0.2956094312854779,0.05300224764456554
52.0,30.5,0.014976017897160375,0.35187923094936663,0.17235166821936054,0.4377747131816936,0.02301836975241887
52.0,31.0,0.01605168892044432,0.6099337623568525,0.19570370608062526,0.1477162637554229,0.03059457888665506
52.0,31.5,0.002150069237070278,0.4411636954327058,0.10005240062147816,0.4309608045967822,0.02567303011196358
52.0,32.0,0.0015291826020612162,0.5392660719950625,0.21838576449312874,0.21912989397823646,0.02168908693151106
